﻿,A,B,C,D,E,F,G,H,I,L,M,N,O,P,R,S,T,U,V,Z
A,0,95,119,94,233,100,164,210,173,62,78,145,40,119,75,55,37,178,190,20
B,95,0,70,108,75,70,28,62,88,110,106,96,165,40,85,106,144,28,73,162
C,119,70,0,40,140,78,56,131,141,57,45,134,141,47,56,80,91,98,136,129
D,94,108,40,0,180,94,97,169,168,36,18,154,125,77,59,75,60,135,169,109
E,233,75,140,180,0,135,86,29,105,183,180,133,233,115,158,177,220,54,73,233
F,100,70,78,94,135,0,87,113,80,72,81,60,98,38,38,45,99,82,92,98
G,164,28,56,97,86,87,0,81,117,107,99,123,177,50,91,115,143,52,100,169
H,210,62,131,169,29,113,81,0,76,166,165,103,209,97,138,155,200,35,44,210
I,173,88,141,168,105,80,117,76,0,152,157,34,159,94,118,123,178,72,32,166
L,62,110,57,36,183,72,107,166,152,0,18,131,89,71,34,41,36,133,160,74
M,78,106,45,18,180,81,99,165,157,18,0,140,107,71,44,57,47,132,163,92
N,145,96,134,154,133,60,123,103,34,131,140,0,124,87,98,97,154,88,63,135
O,40,165,141,125,233,98,177,209,159,89,107,124,0,127,87,62,76,177,181,21
P,119,40,47,77,115,38,50,97,94,71,71,87,127,0,44,66,100,62,93,122
R,75,85,56,59,158,38,91,138,118,34,44,98,87,44,0,25,64,106,127,80
S,55,106,80,75,177,45,115,155,123,41,57,97,62,66,25,0,56,123,133,56
T,37,144,91,60,220,99,143,200,178,36,47,154,76,100,64,56,0,167,190,56
U,178,28,98,135,54,82,52,35,72,133,132,88,177,62,106,123,167,0,50,179
V,190,73,136,169,73,92,100,44,32,160,163,63,181,93,127,133,190,50,0,187
Z,20,162,129,109,233,98,169,210,166,74,92,135,21,122,80,56,56,179,187,0
,,,,,,,,,,,,,,,,,,,,
