,A,B,C,D,E,F,G,H,I,L,M,N,O,P,R,S,T,U,V,Z
A,0,190,238,188,466,200,328,420,346,124,156,290,80,238,150,110,74,356,380,40
B,190,0,140,216,150,140,56,124,176,220,212,192,330,80,170,212,288,56,146,324
C,238,140,0,80,280,156,112,262,282,114,90,268,282,94,112,160,182,196,272,258
D,188,216,80,0,360,188,194,338,336,72,36,308,250,154,118,150,120,270,338,218
E,466,150,280,360,0,270,172,58,210,366,360,266,466,230,316,354,440,108,146,466
F,200,140,156,188,270,0,174,226,160,144,162,120,196,76,76,90,198,164,184,196
G,328,56,112,194,172,174,0,162,234,214,198,246,354,100,182,230,286,104,200,338
H,420,124,262,338,58,226,162,0,152,332,330,206,418,194,276,310,400,70,88,420
I,346,176,282,336,210,160,234,152,0,304,314,68,318,188,236,246,356,144,64,332
L,124,220,114,72,366,144,214,332,304,0,36,262,178,142,68,82,72,266,320,148
M,156,212,90,36,360,162,198,330,314,36,0,280,214,142,88,114,94,264,326,184
N,290,192,268,308,266,120,246,206,68,262,280,0,248,174,196,194,308,176,126,270
O,80,330,282,250,466,196,354,418,318,178,214,248,0,254,174,124,152,354,362,42
P,238,80,94,154,230,76,100,194,188,142,142,174,254,0,88,132,200,124,186,244
R,150,170,112,118,316,76,182,276,236,68,88,196,174,88,0,50,128,212,254,160
S,110,212,160,150,354,90,230,310,246,82,114,194,124,132,50,0,112,246,266,112
T,74,288,182,120,440,198,286,400,356,72,94,308,152,200,128,112,0,334,380,112
U,356,56,196,270,108,164,104,70,144,266,264,176,354,124,212,246,334,0,100,358
V,380,146,272,338,146,184,200,88,64,320,326,126,362,186,254,266,380,100,0,374
Z,40,324,258,218,466,196,338,420,332,148,184,270,42,244,160,112,112,358,374,0
